0, 0, 1, 1, 0 | wheat
0, 1, 0, 0, 0 | eaten
0, 0, 1, 1, 0 | wheat
0, 0, 1, 1, 0 | wheat
0, 0, 1, 1, 0 | wheat
0, 0, 1, 1, 0 | wheat

mealy X/6
---------------------
1, 0, 0, 1, 0 | groan
1, 1, 1, 0, 0 | again
1, 0, 1, 1, 1 | stage
1, 2, 2, 2, 2 | sages
0, 2, 2, 2, 2 | cages
2, 2, 2, 2, 2 | wages

wages 6/6
---------------------
-1, 1, -1, 1, 1 | again
-1, 2, 2, 2, 2 | sages
2, 2, 2, 2, 2 | wages

wages 3/6
---------------------
1, 1, 1, 1, 1 | groan
2, 2, 2, 2, 2 | wages

wages 2/6
---------------------
1, 1, 0, 0, 0 | again
0, 2, 2, 2, 2 | sages
1, 0, 0, 1, 0 | groan
0, 2, 2, 2, 2 | rages
2, 2, 2, 2, 2 | wages

wages 5/6
---------------------
2, 2, 2, 2, 2 | ahhhh

ahhhh 1/6
---------------------
1, 1, 0, 0, 0 | hated
0, 2, 1, 2, 0 | shahs
2, 2, 2, 2, 2 | ahhhh

ahhhh 3/6
---------------------
